              precision    recall  f1-score   support

     1355932       0.09      0.09      0.09        75
     1355936       0.03      0.03      0.03        75
     1355937       0.12      0.15      0.13        75
     1355978       0.13      0.09      0.11        75
     1355990       0.15      0.13      0.14        75
     1356022       0.07      0.08      0.07        75
     1356075       0.30      0.20      0.24        75
     1356111       0.10      0.11      0.10        75
     1356126       0.24      0.25      0.25        75
     1356257       0.15      0.20      0.17        75
     1356382       0.14      0.13      0.14        75
     1356421       0.30      0.31      0.30        75
     1356781       0.12      0.11      0.11        75

    accuracy                           0.14       975
   macro avg       0.15      0.14      0.15       975
weighted avg       0.15      0.14      0.15       975
