              precision    recall  f1-score   support

     1355868       0.75      0.18      0.29       295
     1355920       0.00      0.00      0.00         3
     1355932       0.67      0.85      0.75      1502
     1355936       0.80      0.85      0.82      2993
     1355937       0.73      0.93      0.82      4532
     1355955       0.00      0.00      0.00        12
     1355959       0.58      0.25      0.35       142
     1355961       1.00      0.14      0.25         7
     1355978       0.51      0.23      0.31       780
     1355990       0.68      0.91      0.78      1072
     1356003       0.73      0.72      0.72        81
     1356022       0.83      0.94      0.88      5373
     1356037       0.80      0.53      0.64        15
     1356055       0.60      0.75      0.67         4
     1356075       0.52      0.82      0.64       912
     1356076       0.00      0.00      0.00        54
     1356111       0.82      0.62      0.71       721
     1356126       0.75      0.52      0.61       618
     1356138       0.57      0.67      0.62        12
     1356257       0.80      0.89      0.84      1206
     1356278       0.52      0.56      0.54       115
     1356279       0.50      0.14      0.22         7
     1356309       1.00      0.60      0.75         5
     1356379       0.62      0.56      0.59         9
     1356380       0.62      0.29      0.40        34
     1356382       0.77      0.79      0.78       903
     1356420       0.58      0.73      0.65       264
     1356421       0.53      0.90      0.67       482
     1356428       0.84      0.66      0.74       273
     1356469       0.72      0.36      0.48        72
     1356692       0.79      0.94      0.86       415
     1356781       0.86      0.85      0.85      1757
     1356816       0.83      0.77      0.80       256
     1356847       0.67      0.67      0.67         3
     1356901       0.72      0.42      0.53        74
     1357330       0.88      0.82      0.85      4233
     1357331       0.00      0.00      0.00        69
     1357367       1.00      0.56      0.71         9
     1357379       0.76      0.74      0.75       229
     1357506       0.73      0.10      0.18        78
     1357635       0.78      0.68      0.72      1131
     1357652       0.77      0.39      0.52       113
     1357677       0.78      0.57      0.66       501
     1357681       0.71      0.20      0.31        25
     1357682       1.00      0.12      0.21        17
     1357705       0.84      0.63      0.72       256
     1358094       0.59      0.88      0.71      1488
     1358095       0.66      0.70      0.68      2160
     1358096       0.73      0.36      0.48        22
     1358097       0.34      0.89      0.49        18
     1358099       0.63      0.31      0.41        55
     1358101       0.41      0.59      0.48        71
     1358102       1.00      0.25      0.40         4
     1358103       0.57      0.12      0.19        69
     1358105       0.82      0.58      0.68       544
     1358108       0.32      0.06      0.09       162
     1358112       0.86      0.23      0.37        82
     1358119       0.15      0.62      0.24         8
     1358127       0.75      0.75      0.75         8
     1358132       0.67      0.14      0.23        57
     1358133       0.62      0.79      0.69      1374
     1358150       0.50      0.11      0.18       456
     1358193       0.00      0.00      0.00         6
     1358302       0.75      0.32      0.44        19
     1358365       1.00      0.20      0.33         5
     1358519       0.88      0.43      0.57       101
     1358605       0.72      0.76      0.74       637
     1358608       1.00      0.50      0.67         4
     1358689       0.81      0.91      0.86      1189
     1358690       0.50      0.12      0.20         8
     1358691       0.00      0.00      0.00        14
     1358695       1.00      0.25      0.40         4
     1358699       0.83      0.34      0.49        99
     1358700       0.89      0.19      0.32       217
     1358701       0.56      0.53      0.55        94
     1358703       0.64      0.64      0.64        11
     1358704       0.67      0.05      0.10        39
     1358706       0.00      0.00      0.00        44
     1358710       0.40      0.35      0.37       117
     1358711       0.38      0.25      0.30        12
     1358748       0.80      0.31      0.44        13
     1358749       0.82      0.16      0.26        58
     1358750       0.67      0.20      0.31        10
     1358751       0.52      0.08      0.14       579
     1358752       0.74      0.95      0.83      3940
     1358755       0.80      0.31      0.44        13
     1358759       0.00      0.00      0.00         3
     1358760       0.43      0.37      0.40        49
     1358766       0.82      0.78      0.80      1342
     1359060       0.33      0.05      0.08        21
     1359064       0.67      0.32      0.43        19
     1359065       0.43      0.57      0.49        21
     1359197       0.88      0.83      0.85       376
     1359331       1.00      0.67      0.80         3
     1359332       0.70      0.79      0.75        24
     1359359       0.00      0.00      0.00         3
     1359364       0.46      0.60      0.52        10
     1359483       0.88      0.62      0.73       287
     1359485       0.82      0.83      0.83       568
     1359486       0.65      0.17      0.27       143
     1359488       0.79      0.69      0.74       633
     1359489       1.00      0.20      0.33        10
     1359495       0.90      0.58      0.71        31
     1359497       0.78      0.43      0.55       163
     1359498       0.82      0.94      0.88      1155
     1359502       0.83      0.71      0.77         7
     1359505       0.00      0.00      0.00         3
     1359506       0.00      0.00      0.00         4
     1359508       0.93      0.68      0.78       165
     1359510       0.80      0.69      0.74        35
     1359513       1.00      0.25      0.40         4
     1359514       0.25      0.12      0.17         8
     1359517       0.88      0.92      0.90      4431
     1359518       0.73      0.63      0.67        59
     1359519       0.67      0.76      0.71       147
     1359521       0.67      0.29      0.40         7
     1359523       0.67      0.86      0.75         7
     1359524       1.00      0.67      0.80         3
     1359525       0.91      0.86      0.88       289
     1359526       1.00      0.38      0.55         8
     1359528       0.71      0.34      0.47        29
     1359530       0.59      0.24      0.34        41
     1359616       0.88      0.89      0.88      2460
     1359620       0.90      0.90      0.90      3750
     1359622       0.86      0.65      0.74       206
     1359625       0.82      0.72      0.77       652
     1359669       0.84      0.88      0.86       791
     1359806       0.80      0.80      0.80         5
     1359815       0.75      0.32      0.44        19
     1359821       1.00      0.40      0.57         5
     1360004       1.00      0.60      0.75         5
     1360147       0.57      0.78      0.66        80
     1360148       0.54      0.92      0.68       100
     1360150       0.93      0.62      0.74        21
     1360152       0.83      0.71      0.77         7
     1360153       0.85      0.79      0.82       593
     1360154       0.77      0.67      0.71        15
     1360427       0.88      0.77      0.82        30
     1360550       0.94      0.60      0.73       205
     1360555       0.83      0.71      0.77       212
     1360588       0.88      0.77      0.82       640
     1360590       0.78      0.91      0.84       579
     1360591       1.00      0.67      0.80         3
     1360618       0.69      0.29      0.41        86
     1360671       0.68      0.81      0.74       696
     1360687       0.00      0.00      0.00         4
     1360759       0.58      0.75      0.66       150
     1360808       0.22      0.61      0.32        23
     1360811       0.80      0.64      0.71       426
     1360835       0.90      0.52      0.66        91
     1360838       0.67      0.46      0.55        13
     1360976       0.00      0.00      0.00         3
     1360978       0.93      0.93      0.93       903
     1360998       0.64      0.95      0.77       648
     1361024       0.81      0.94      0.87       266
     1361233       1.00      0.25      0.40         4
     1361316       0.67      0.50      0.57        16
     1361357       0.83      0.42      0.56        12
     1361507       0.00      0.00      0.00         3
     1361508       0.92      0.93      0.93       105
     1361524       0.56      0.48      0.51        21
     1361655       0.55      0.46      0.50        13
     1361656       0.88      0.92      0.90      1317
     1361658       0.88      0.70      0.78        10
     1361660       0.53      0.73      0.61       100
     1361663       0.65      0.96      0.77       191
     1361666       0.79      0.35      0.48       315
     1361668       0.77      0.75      0.76        91
     1361672       0.91      0.52      0.66        92
     1361704       0.33      0.10      0.15        10
     1361745       0.83      0.74      0.79       148
     1361759       0.63      0.78      0.70       623
     1361823       0.85      0.97      0.90      2396
     1361824       0.70      0.88      0.78      2396
     1361847       0.53      0.78      0.63       213
     1361850       0.91      0.45      0.61       212
     1361891       0.68      0.45      0.54       110
     1362024       0.75      0.75      0.75         8
     1362064       1.00      0.67      0.80        12
     1362080       0.67      0.08      0.15        24
     1362192       0.53      1.00      0.70         8
     1362294       0.66      0.88      0.75       818
     1362385       0.32      0.56      0.41        27
     1362398       0.27      0.43      0.33         7
     1362434       0.73      0.27      0.39       123
     1362435       0.75      0.22      0.34        27
     1362489       0.52      0.53      0.52       104
     1362490       0.52      0.72      0.60      1141
     1362516       0.86      0.82      0.84       175
     1362582       0.67      0.35      0.46       115
     1362834       0.71      0.29      0.42        17
     1362927       0.83      0.02      0.05       212
     1362928       1.00      0.12      0.22         8
     1362954       0.64      0.38      0.48       378
     1363016       1.00      0.67      0.80         3
     1363019       0.70      0.39      0.50        18
     1363021       0.80      0.85      0.82       271
     1363110       0.80      0.88      0.84       307
     1363117       0.87      0.52      0.65        88
     1363126       0.83      0.05      0.09       203
     1363127       0.53      0.65      0.58        95
     1363128       0.77      0.86      0.81      3507
     1363129       0.89      0.16      0.26       360
     1363130       0.91      0.83      0.87      2143
     1363227       0.88      0.87      0.88      6308
     1363336       0.81      0.79      0.80      1034
     1363343       1.00      0.50      0.67        10
     1363359       1.00      0.67      0.80         3
     1363451       0.59      0.92      0.72       204
     1363463       0.60      0.28      0.38        32
     1363464       0.57      0.50      0.53         8
     1363489       0.43      0.36      0.39        28
     1363490       0.62      0.80      0.70       475
     1363491       0.72      0.56      0.63        75
     1363492       0.62      0.38      0.48        13
     1363493       0.50      0.29      0.36         7
     1363613       0.54      0.28      0.37       141
     1363688       0.46      0.65      0.54        17
     1363699       0.66      0.74      0.70       464
     1363700       0.60      0.81      0.68        62
     1363701       0.00      0.00      0.00         3
     1363703       0.75      0.57      0.65        58
     1363735       0.83      0.33      0.48        15
     1363737       0.67      0.86      0.75       544
     1363738       0.80      0.57      0.67         7
     1363739       0.67      0.10      0.17        21
     1363740       0.92      0.83      0.88      2935
     1363743       0.00      0.00      0.00         7
     1363749       0.56      0.63      0.59       496
     1363750       0.32      0.30      0.31       138
     1363764       0.67      0.83      0.74       899
     1363769       0.74      0.57      0.65        91
     1363770       0.82      0.25      0.39        91
     1363772       0.67      0.30      0.41        40
     1363778       0.60      0.56      0.58       227
     1363871       0.62      0.16      0.26       225
     1363872       0.69      0.38      0.49        24
     1363970       1.00      0.42      0.59        12
     1363991       0.81      0.88      0.84      3380
     1364000       0.57      0.51      0.54       152
     1364099       0.94      0.91      0.92      4669
     1364112       1.00      0.67      0.80         3
     1364158       0.69      0.55      0.61        84
     1364159       0.61      0.63      0.62       883
     1364161       0.00      0.00      0.00        84
     1364164       0.82      0.77      0.79      2439
     1364165       0.65      0.85      0.74       163
     1364172       0.53      0.75      0.62       650
     1364173       0.78      0.81      0.80      2653
     1364440       0.00      0.00      0.00         3
     1364512       1.00      0.33      0.50         3
     1365712       0.56      0.53      0.54        19
     1365961       1.00      0.35      0.52        17
     1366875       0.00      0.00      0.00        10
     1366898       1.00      1.00      1.00         3
     1366899       0.83      0.42      0.56        12
     1366997       0.00      0.00      0.00         5
     1367060       1.00      0.20      0.33         5
     1367087       1.00      0.50      0.67         4
     1367267       0.67      0.57      0.62        21
     1367343       1.00      0.75      0.86         4
     1367369       0.80      0.80      0.80         5
     1367431       0.00      0.00      0.00         9
     1367432       0.92      0.91      0.91      1964
     1367781       0.00      0.00      0.00         5
     1367784       0.00      0.00      0.00         4
     1367921       0.64      0.69      0.67        13
     1367938       0.67      0.42      0.52        19
     1367949       0.67      0.57      0.62         7
     1367998       1.00      0.57      0.73         7
     1369472       0.73      0.53      0.62        15
     1369887       0.87      0.86      0.87      1710
     1369960       0.90      0.91      0.91       809
     1370279       0.86      0.29      0.43        42
     1370991       0.60      0.43      0.50         7
     1370993       0.88      0.58      0.70        12
     1371680       1.00      0.40      0.57        10
     1371691       0.79      0.53      0.63       100
     1372016       0.52      0.82      0.64       192
     1372602       0.00      0.00      0.00         3
     1373151       0.86      0.72      0.78        25
     1373231       1.00      0.57      0.73        21
     1373259       0.00      0.00      0.00         7
     1373530       0.52      0.77      0.62        30
     1373535       1.00      0.33      0.50        12
     1374048       0.79      0.79      0.79      2040
     1374448       1.00      0.21      0.35        19
     1374450       1.00      1.00      1.00         4
     1374466       0.88      0.64      0.74        11
     1374933       1.00      0.24      0.38        17
     1375776       0.50      0.50      0.50         8
     1375797       0.67      0.40      0.50         5
     1375895       1.00      0.67      0.80         3
     1375954       1.00      0.50      0.67         4
     1375965       0.67      0.57      0.62        35
     1375966       0.70      0.62      0.66        63
     1376366       0.88      0.22      0.36        67
     1376703       0.00      0.00      0.00        33
     1376726       0.35      0.79      0.49       112
     1379303       0.83      0.33      0.48        15
     1379513       0.36      0.13      0.20        30
     1379556       0.00      0.00      0.00        25
     1379585       1.00      0.60      0.75         5
     1380874       0.00      0.00      0.00         6
     1380904       1.00      0.57      0.73         7
     1381173       1.00      0.30      0.46        10
     1381468       0.83      0.71      0.77         7
     1382099       0.77      0.53      0.62        19
     1383149       0.68      0.15      0.25        86
     1383772       0.67      0.50      0.57         4
     1383774       0.60      1.00      0.75         3
     1384199       1.00      1.00      1.00         3
     1384482       0.00      0.00      0.00         5
     1384485       0.58      0.67      0.63      1262
     1384497       0.00      0.00      0.00        26
     1384499       0.56      0.46      0.51       100
     1384500       0.71      0.62      0.67         8
     1384760       1.00      0.67      0.80         3
     1385700       0.86      0.49      0.63        75
     1385701       0.76      0.78      0.77       175
     1385749       1.00      0.67      0.80         6
     1385853       1.00      0.43      0.60         7
     1385937       0.90      0.92      0.91      1514
     1387107       0.00      0.00      0.00        21
     1387284       1.00      0.14      0.25         7
     1387687       0.64      0.47      0.55        19
     1387727       1.00      0.86      0.92         7
     1388905       0.75      0.50      0.60        12
     1388911       0.00      0.00      0.00         3
     1389016       1.00      0.60      0.75         5
     1389031       1.00      0.07      0.12        15
     1389044       0.91      0.61      0.73       155
     1389078       1.00      0.50      0.67         4
     1389230       0.74      0.63      0.68       124
     1389231       0.60      0.48      0.53       193
     1389294       0.64      0.09      0.16        78
     1389297       0.54      0.46      0.50       201
     1389307       0.64      0.48      0.55       220
     1389308       0.60      0.59      0.59        41
     1389426       0.00      0.00      0.00         3
     1389442       0.81      0.75      0.78       110
     1389492       0.32      0.76      0.45        58
     1389510       0.86      0.77      0.81      2088
     1389553       0.66      0.57      0.61        72
     1389567       0.31      0.55      0.40        49
     1389628       1.00      0.12      0.22         8
     1389630       0.00      0.00      0.00        67
     1389633       1.00      0.06      0.11        17
     1389921       0.65      0.50      0.56       157
     1389966       0.80      0.65      0.72        43
     1390617       0.33      0.11      0.17         9
     1390637       0.43      0.46      0.44       656
     1390956       1.00      0.50      0.67        36
     1390957       0.66      0.91      0.77        58
     1391110       0.94      0.25      0.39        60
     1391112       0.90      0.27      0.41       203
     1391113       0.00      0.00      0.00        18
     1391167       1.00      0.43      0.60         7
     1391184       0.00      0.00      0.00        10
     1391190       0.61      0.52      0.56        21
     1391192       0.80      0.80      0.80       688
     1391193       0.90      0.74      0.81       100
     1391197       1.00      0.08      0.14        13
     1391198       0.00      0.00      0.00         4
     1391206       1.00      0.33      0.50         3
     1391209       0.75      0.54      0.63       157
     1391221       0.67      0.80      0.73         5
     1391226       0.91      0.75      0.82       597
     1391235       0.53      0.60      0.56        89
     1391250       0.50      0.17      0.26        40
     1391326       0.86      0.77      0.81        31
     1391483       0.69      0.46      0.55       779
     1391498       1.00      0.09      0.17        11
     1391499       1.00      1.00      1.00         3
     1391529       0.90      0.77      0.83       119
     1391530       0.59      0.92      0.72        72
     1391648       0.76      0.40      0.52        55
     1391649       0.75      0.85      0.80       158
     1391652       0.89      0.84      0.87       642
     1391654       1.00      0.41      0.58        27
     1391762       0.77      0.74      0.75        31
     1391797       0.88      0.73      0.80       289
     1391805       0.50      0.46      0.48        35
     1391807       0.67      0.22      0.33        18
     1391809       0.58      0.30      0.40        23
     1391810       1.00      0.08      0.15        12
     1391821       1.00      0.25      0.40        12
     1391868       0.57      0.86      0.68       149
     1391953       0.88      0.84      0.86       310
     1391960       0.71      0.88      0.79        17
     1391961       1.00      0.23      0.38        13
     1391962       0.60      0.32      0.41        19
     1391963       0.81      0.89      0.85       215
     1391964       1.00      0.50      0.67         4
     1391967       1.00      0.21      0.35        19
     1392093       1.00      0.03      0.06        32
     1392094       0.87      0.47      0.61       190
     1392096       0.83      0.07      0.14        68
     1392254       0.52      0.71      0.60        21
     1392361       0.00      0.00      0.00        60
     1392365       0.66      0.58      0.62        43
     1392418       1.00      0.78      0.88         9
     1392475       0.90      0.89      0.90      5546
     1392601       0.78      0.91      0.84        35
     1392653       0.96      0.38      0.54        58
     1392654       0.80      0.70      0.75       193
     1392658       0.57      0.67      0.62        84
     1392689       0.39      0.34      0.36        85
     1392690       0.69      0.69      0.69        26
     1392691       0.00      0.00      0.00         3
     1392695       0.76      0.81      0.78       440
     1392730       0.83      0.71      0.77         7
     1392777       0.69      0.90      0.78       368
     1393241       0.82      0.80      0.81      1701
     1393242       1.00      0.17      0.29         6
     1393245       0.86      0.48      0.62        25
     1393248       1.00      0.17      0.29         6
     1393250       0.86      0.09      0.17       254
     1393253       0.71      0.34      0.47        29
     1393254       0.83      0.23      0.36        65
     1393257       0.77      0.19      0.30        54
     1393294       0.82      0.91      0.86        34
     1393322       0.70      0.70      0.70        10
     1393393       0.66      0.93      0.77       848
     1393414       0.86      0.77      0.81       264
     1393416       0.00      0.00      0.00         7
     1393418       0.61      0.66      0.63        90
     1393423       0.86      0.90      0.88      1462
     1393425       0.81      0.60      0.69      1476
     1393449       0.92      0.93      0.92       394
     1393450       0.90      0.91      0.91       239
     1393465       0.00      0.00      0.00         3
     1393466       0.76      0.17      0.27       333
     1393537       0.79      0.79      0.79        28
     1393614       0.80      0.92      0.86      1839
     1393654       0.64      0.20      0.30        91
     1393656       0.00      0.00      0.00        19
     1393725       0.58      0.66      0.62       305
     1393789       0.00      0.00      0.00        68
     1393792       0.58      0.56      0.57       552
     1393796       0.67      0.29      0.40         7
     1393818       1.00      0.33      0.50         3
     1393823       0.45      0.76      0.57        42
     1393846       0.92      0.69      0.79       143
     1393850       0.78      0.79      0.78        66
     1393851       1.00      0.20      0.33         5
     1393933       0.72      0.89      0.80       103
     1393945       0.32      0.96      0.48        26
     1393946       0.98      0.94      0.96       303
     1393965       1.00      0.47      0.64        30
     1393967       0.86      0.86      0.86         7
     1393968       0.89      0.93      0.91        58
     1393980       0.61      0.29      0.39        66
     1393981       0.78      0.72      0.75        64
     1394072       0.71      0.19      0.30        26
     1394073       0.50      0.77      0.60       205
     1394077       0.62      0.83      0.71         6
     1394078       1.00      0.20      0.33         5
     1394082       0.77      0.82      0.79        92
     1394088       1.00      0.50      0.67         6
     1394114       1.00      0.75      0.86        12
     1394120       0.48      0.79      0.60       278
     1394128       0.58      0.72      0.64        25
     1394143       1.00      0.06      0.11        36
     1394153       1.00      0.33      0.50         3
     1394164       0.73      0.31      0.44       106
     1394169       0.00      0.00      0.00         4
     1394183       0.75      0.43      0.55         7
     1394189       0.50      0.20      0.29         5
     1394313       0.31      0.12      0.17        34
     1394378       0.75      0.14      0.24        21
     1394382       0.87      0.83      0.85      1180
     1394383       0.84      0.68      0.75        40
     1394394       0.67      0.50      0.57       109
     1394396       0.83      0.16      0.27        31
     1394399       0.72      0.80      0.76       268
     1394401       1.00      0.04      0.07        26
     1394404       0.79      0.67      0.72       765
     1394405       0.00      0.00      0.00        84
     1394406       1.00      0.17      0.29        12
     1394418       0.80      0.25      0.38        16
     1394420       0.79      0.96      0.87      1663
     1394453       0.55      0.14      0.23       153
     1394454       0.40      0.59      0.48       894
     1394455       0.43      0.16      0.23        56
     1394457       1.00      0.08      0.15        12
     1394460       0.93      0.89      0.91      2966
     1394489       0.77      0.84      0.81       566
     1394498       0.62      0.54      0.58        63
     1394502       1.00      0.33      0.50         3
     1394504       0.63      0.26      0.37       413
     1394508       0.63      0.87      0.73        31
     1394513       0.70      0.80      0.75       157
     1394549       0.00      0.00      0.00         3
     1394580       1.00      0.25      0.40        12
     1394591       0.81      0.81      0.81      1538
     1394648       1.00      0.67      0.80         3
     1394714       0.62      0.42      0.50        12
     1394759       0.65      0.35      0.46       133
     1394994       0.77      0.93      0.84      2786
     1394995       0.67      0.05      0.10        37
     1395391       0.97      0.33      0.50       105
     1395720       1.00      0.31      0.47        13
     1395721       0.58      0.65      0.62        69
     1395722       0.72      0.54      0.62        57
     1396133       0.93      0.72      0.81        96
     1396134       0.00      0.00      0.00         3
     1396143       0.69      0.46      0.55        92
     1396144       0.48      0.70      0.57        20
     1396145       1.00      0.33      0.50         3
     1396156       0.49      0.69      0.57        91
     1396159       0.56      0.53      0.54        55
     1396161       0.42      0.23      0.30        82
     1396165       0.50      0.26      0.34       226
     1396708       0.55      0.91      0.69       360
     1396713       0.95      0.77      0.85       207
     1396754       0.44      0.65      0.52        17
     1396758       0.43      0.86      0.57         7
     1396823       0.71      0.24      0.36        21
     1396824       0.90      0.92      0.91       980
     1396842       0.91      0.24      0.38       128
     1396843       0.75      0.92      0.82       255
     1396858       0.41      0.64      0.50        11
     1396867       0.00      0.00      0.00         8
     1396869       1.00      1.00      1.00         3
     1397208       0.82      0.75      0.78        12
     1397209       0.95      0.66      0.78       116
     1397268       0.86      0.81      0.83      1925
     1397269       0.36      0.83      0.50         6
     1397303       0.89      0.36      0.51       350
     1397305       1.00      0.05      0.10        58
     1397311       0.83      0.93      0.88       178
     1397312       0.90      0.91      0.91       419
     1397313       0.65      0.52      0.58       208
     1397349       0.86      0.14      0.24        44
     1397351       0.83      0.75      0.79       229
     1397352       0.84      0.91      0.87       191
     1397364       0.95      0.95      0.95      2364
     1397379       0.78      0.78      0.78        23
     1397387       0.48      0.10      0.16       223
     1397403       0.68      0.54      0.60       170
     1397407       1.00      0.33      0.50         3
     1397408       1.00      1.00      1.00         7
     1397420       0.75      0.85      0.80       449
     1397491       0.61      0.79      0.69        58
     1397510       0.43      0.38      0.40         8
     1397514       0.91      0.25      0.39       214
     1397515       0.89      0.38      0.53        21
     1397550       0.50      0.35      0.41        20
     1397551       0.79      0.70      0.74       119
     1397556       0.58      0.27      0.37        71
     1397585       0.45      0.78      0.57        95
     1397598       0.94      0.61      0.74        54
     1397613       0.62      0.42      0.50        12
     1397841       1.00      0.36      0.53        25
     1397959       0.38      0.30      0.33        10
     1398041       0.97      0.87      0.91       128
     1398111       0.65      0.51      0.57       231
     1398125       1.00      0.33      0.50         3
     1398128       0.78      0.41      0.54       581
     1398130       0.68      0.39      0.50        33
     1398178       0.74      0.89      0.81      1557
     1398196       0.83      0.38      0.53        13
     1398274       0.62      0.58      0.60        64
     1398326       0.84      0.77      0.80       252
     1398333       0.58      0.30      0.40        23
     1398355       0.75      0.10      0.17        31
     1398444       0.95      0.61      0.74       399
     1398447       0.80      0.38      0.51        74
     1398469       0.34      0.75      0.47        57
     1398480       0.87      0.38      0.53       105
     1398494       1.00      0.33      0.50         6
     1398513       0.62      0.39      0.48       176
     1398515       0.71      0.78      0.74       731
     1398526       1.00      0.40      0.57         5
     1398567       0.41      0.43      0.42       102
     1398592       0.88      0.86      0.87      1398
     1398608       0.77      0.63      0.69        43
     1398615       1.00      0.14      0.25         7
     1398700       0.28      0.42      0.33        12
     1398805       1.00      0.57      0.73         7
     1398830       0.40      0.12      0.19        33
     1399063       1.00      0.24      0.38        17
     1399141       0.00      0.00      0.00         3
     1399145       0.39      0.49      0.44       285
     1399157       0.58      0.70      0.64        10
     1399231       0.96      0.64      0.77        73
     1399338       1.00      1.00      1.00         5
     1399384       1.00      0.92      0.96        24
     1399667       1.00      0.33      0.50         3
     1399783       0.53      0.06      0.11       282
     1399803       0.50      0.29      0.36         7
     1399804       0.80      0.44      0.57         9
     1399920       0.41      0.26      0.32        47
     1400060       1.00      0.67      0.80         3
     1400080       1.00      0.43      0.60         7
     1400081       0.94      0.84      0.89       114
     1400096       1.00      0.80      0.89         5
     1400100       0.74      0.76      0.75       938
     1400104       0.94      0.59      0.72        49
     1400110       1.00      0.29      0.44         7
     1400471       0.62      0.40      0.48        40
     1400478       0.47      0.22      0.30       113
     1400798       0.15      0.25      0.19         8
     1400844       1.00      0.40      0.57         5
     1401141       0.00      0.00      0.00         4
     1401148       0.75      1.00      0.86         3
     1401211       0.50      0.80      0.62         5
     1401216       1.00      0.67      0.80         3
     1401222       0.67      0.67      0.67         3
     1401242       0.00      0.00      0.00         4
     1401701       1.00      0.50      0.67         4
     1401711       1.00      0.10      0.18        10
     1401718       0.36      0.71      0.48         7
     1401735       0.68      0.29      0.41        58
     1401736       1.00      0.14      0.25         7
     1401737       0.43      0.86      0.58        22
     1401883       0.00      0.00      0.00         3
     1402303       0.00      0.00      0.00         7
     1402356       0.56      0.69      0.62        13
     1402423       0.71      0.40      0.51        30
     1402433       1.00      0.43      0.60         7
     1402464       0.00      0.00      0.00         3
     1402576       1.00      0.33      0.50         3
     1402811       0.61      0.60      0.60        57
     1402920       0.63      0.06      0.11       202
     1402921       0.46      0.79      0.58       366
     1402924       0.53      0.76      0.62        38
     1402925       0.57      0.33      0.42        78
     1402926       0.39      0.81      0.52       187
     1403272       0.00      0.00      0.00         3
     1403479       0.58      1.00      0.74         7
     1403654       1.00      0.08      0.15        12
     1403826       0.91      0.50      0.65        42
     1403967       0.76      0.46      0.58        97
     1404002       1.00      0.67      0.80         3
     1404481       0.34      0.60      0.44        20
     1404745       0.00      0.00      0.00         3
     1404776       0.00      0.00      0.00         3
     1404804       0.33      0.06      0.11        16
     1405061       0.86      0.81      0.83        31
     1405088       0.00      0.00      0.00         7
     1405252       0.00      0.00      0.00         5
     1405641       0.82      0.59      0.69       165
     1405653       1.00      0.50      0.67         4
     1405685       0.69      0.79      0.74       209
     1405686       0.59      0.77      0.67       111
     1405703       0.67      0.18      0.29        11
     1406426       0.62      0.42      0.50        31
     1406486       0.63      0.14      0.23        86
     1406756       0.00      0.00      0.00         4
     1406863       0.53      0.54      0.54        76
     1407077       1.00      0.33      0.50         3
     1407379       0.00      0.00      0.00         3
     1407873       0.67      0.67      0.67         3
     1407874       1.00      0.33      0.50         3
     1408034       0.00      0.00      0.00         9
     1408037       0.39      0.67      0.49        91
     1408041       0.69      0.54      0.60        54
     1408045       0.70      0.78      0.73       245
     1408066       0.80      0.44      0.57         9
     1408071       0.00      0.00      0.00         5
     1408092       0.67      0.86      0.75         7
     1408107       1.00      0.43      0.60         7
     1408160       1.00      0.25      0.40         4
     1408214       0.58      0.64      0.61        44
     1408227       0.38      0.50      0.43        12
     1408284       0.73      0.79      0.76        14
     1408386       1.00      0.33      0.50         3
     1408401       0.67      0.08      0.14        26
     1408421       0.56      0.29      0.38        35
     1408451       0.67      0.47      0.55        17
     1408468       1.00      0.11      0.20        18
     1408490       0.77      0.47      0.58        49
     1408502       0.60      0.23      0.33        13
     1408507       0.57      0.21      0.31        19
     1408508       1.00      0.60      0.75         5
     1408509       0.75      0.55      0.63        11
     1408557       0.75      0.11      0.19        54
     1408594       1.00      0.67      0.80         3
     1408657       0.50      0.14      0.22         7
     1408688       0.66      0.85      0.74       128
     1408718       0.00      0.00      0.00         7
     1408727       1.00      0.83      0.91         6
     1408734       0.67      0.12      0.21        16
     1408738       0.53      0.88      0.66        41
     1408774       0.84      0.90      0.87      1554
     1408788       0.82      0.93      0.87        82
     1408810       0.89      0.53      0.67        15
     1408812       1.00      0.25      0.40         4
     1408845       1.00      0.50      0.67         4
     1408869       0.36      0.76      0.49        80
     1408874       0.87      0.98      0.92        49
     1408953       0.00      0.00      0.00         7
     1408961       0.77      0.89      0.82      1382
     1408979       0.62      0.14      0.23        57
     1409185       0.89      0.94      0.91       199
     1409191       0.91      0.65      0.76        95
     1409195       0.56      0.21      0.31        42
     1409214       0.39      0.41      0.40        17
     1409215       0.68      0.90      0.77       234
     1409216       0.52      0.09      0.15       136
     1409238       0.84      0.95      0.89      1962
     1409239       0.83      0.25      0.38        20
     1409283       1.00      0.20      0.33         5
     1409292       0.58      0.88      0.70       432
     1409295       0.88      0.77      0.82       809
     1409296       0.48      0.74      0.58        38
     1409299       1.00      0.17      0.29         6
     1409328       0.60      0.43      0.50         7
     1409407       1.00      0.67      0.80         3
     1409521       1.00      0.67      0.80         6
     1409525       0.25      0.25      0.25         4
     1409550       0.56      0.71      0.62         7
     1409551       0.67      0.33      0.44        12
     1409552       0.43      0.50      0.46         6
     1409586       1.00      0.33      0.50         3
     1409642       1.00      0.04      0.07        26
     1409705       0.71      0.62      0.67         8
     1409746       1.00      0.36      0.53        36
     1409824       1.00      1.00      1.00         3
     1409834       0.86      0.71      0.77        17
     1409839       1.00      0.08      0.14        13
     1409918       0.00      0.00      0.00         4
     1409919       1.00      0.38      0.55         8
     1409932       0.00      0.00      0.00         3
     1410024       1.00      0.50      0.67         4
     1410025       0.75      0.50      0.60        12
     1410147       0.64      0.53      0.58        17
     1410168       0.64      0.82      0.72        11
     1411423       1.00      0.80      0.89         5
     1411462       0.83      0.38      0.53        13
     1411466       1.00      0.33      0.50         6
     1411469       1.00      0.33      0.50         6
     1411472       1.00      0.14      0.25         7
     1411520       0.56      0.56      0.56        16
     1411524       0.93      0.72      0.81       127
     1411687       0.47      0.67      0.55        27
     1411700       0.00      0.00      0.00        15
     1411760       0.94      0.27      0.42        55
     1411827       1.00      0.33      0.50         3
     1411829       0.00      0.00      0.00         7
     1411832       0.87      0.59      0.70        46
     1411833       0.75      0.13      0.22        23
     1411834       0.63      0.47      0.54       118
     1411925       0.00      0.00      0.00         3
     1412311       1.00      0.33      0.50         9
     1412313       0.41      0.89      0.57        19
     1412314       1.00      0.31      0.48        16
     1412337       0.84      0.80      0.82       123
     1412344       0.00      0.00      0.00         6
     1412368       1.00      0.40      0.57         5
     1412410       1.00      0.22      0.37        49
     1412412       1.00      0.13      0.24        15
     1412413       0.70      0.20      0.31        35
     1412418       0.59      0.45      0.51       110
     1412444       1.00      0.33      0.50         3
     1412445       0.00      0.00      0.00         3
     1412595       1.00      0.25      0.40         8
     1412596       0.78      0.54      0.64        13
     1412659       0.43      0.65      0.51       161
     1412661       0.72      0.77      0.74       174
     1412662       0.87      0.27      0.41        49
     1412663       1.00      1.00      1.00         3
     1412697       0.70      0.80      0.75        50
     1412698       1.00      0.50      0.67         6
     1412699       0.91      0.87      0.89       103
     1412740       1.00      0.50      0.67         6
     1412745       0.67      0.67      0.67         3
     1412831       0.89      0.67      0.76        12
     1412833       0.56      0.36      0.43        56
     1412834       0.50      0.14      0.22         7
     1412888       0.89      0.57      0.70        14
     1412889       0.80      0.31      0.45        51
     1412946       0.49      0.43      0.46        49
     1412992       0.00      0.00      0.00         7
     1413002       0.57      0.50      0.54       121
     1413013       0.93      0.78      0.85        32
     1413391       0.00      0.00      0.00        71
     1413751       1.00      0.33      0.50         3
     1413752       0.50      0.44      0.47         9
     1413753       1.00      0.43      0.60         7
     1413755       0.42      0.57      0.48       235
     1413757       0.60      0.35      0.44        43
     1413832       0.80      0.24      0.36        17
     1413835       0.50      0.08      0.14        12
     1414057       0.44      0.79      0.56        14
     1414058       0.72      0.53      0.61       129
     1414272       0.88      0.79      0.83        19
     1414275       0.49      0.51      0.50        47
     1414276       0.00      0.00      0.00        11
     1414397       0.62      1.00      0.77        10
     1414746       0.00      0.00      0.00         3
     1414808       1.00      0.39      0.56        18
     1414903       0.00      0.00      0.00         3
     1414924       1.00      1.00      1.00         3
     1415584       0.00      0.00      0.00         3
     1415593       0.00      0.00      0.00         3
     1415911       0.80      0.57      0.67         7
     1416420       1.00      0.67      0.80         3
     1416509       0.57      0.70      0.63        30
     1417117       0.50      0.75      0.60        12
     1417506       1.00      0.50      0.67         4
     1417546       0.00      0.00      0.00         5
     1417900       0.75      0.43      0.55         7
     1417916       0.70      0.58      0.64        12
     1418033       0.80      0.89      0.84         9
     1418061       1.00      0.14      0.25         7
     1418084       1.00      0.29      0.44         7
     1418102       1.00      0.10      0.18        10
     1418140       0.71      0.86      0.78       112
     1418146       0.82      0.98      0.89       926
     1418191       0.71      0.79      0.75        53
     1418192       0.00      0.00      0.00         3
     1418295       0.75      0.43      0.55         7
     1418345       1.00      0.25      0.40         4
     1418475       1.00      0.50      0.67         4
     1418545       0.00      0.00      0.00         3
     1418546       0.84      0.66      0.74        80
     1418547       0.73      0.79      0.76       441
     1418563       0.00      0.00      0.00        14
     1418576       0.80      0.29      0.42        14
     1418653       0.00      0.00      0.00         3
     1418655       0.78      0.26      0.39        27
     1418659       0.00      0.00      0.00         3
     1418665       1.00      0.20      0.33        30
     1418732       1.00      0.12      0.21        17
     1418984       0.67      0.08      0.15        49
     1419077       0.92      0.86      0.89        63
     1419086       0.70      0.40      0.51        35
     1419091       0.87      0.90      0.89        69
     1419112       1.00      0.25      0.40         8
     1419115       1.00      0.01      0.02        91
     1419173       0.88      0.71      0.79       141
     1419197       1.00      0.44      0.62         9
     1419334       0.85      0.89      0.87       180
     1419352       0.74      0.82      0.78        17
     1419595       0.80      0.67      0.73         6
     1419598       0.61      0.58      0.60        24
     1419612       0.67      1.00      0.80         4
     1419713       1.00      0.50      0.67         6
     1419720       0.53      0.57      0.55        14
     1419807       0.36      0.42      0.39        31
     1419864       0.00      0.00      0.00         3
     1419874       1.00      0.20      0.33        10
     1419923       0.46      0.94      0.62       139
     1419924       1.00      0.33      0.50         3
     1419942       0.50      0.60      0.55        15
     1419949       1.00      0.33      0.50         3
     1420092       0.00      0.00      0.00         3
     1420288       1.00      0.13      0.24        15
     1420364       1.00      0.29      0.44         7
     1420365       0.00      0.00      0.00        21
     1420496       0.62      0.50      0.56       100
     1420544       0.00      0.00      0.00         3
     1420653       0.80      0.50      0.62         8
     1420700       1.00      0.67      0.80         3
     1420767       0.83      0.71      0.77         7
     1420781       0.92      0.54      0.68        41
     1420787       0.49      0.51      0.50        41
     1420792       0.71      0.70      0.71        43
     1420795       0.83      0.96      0.89       313
     1420796       0.26      0.56      0.36         9
     1420863       0.78      0.16      0.26       470
     1420896       0.79      0.52      0.63        44
     1420929       1.00      0.25      0.40         8
     1420931       0.71      0.71      0.71         7
     1421001       0.00      0.00      0.00        25
     1421011       0.00      0.00      0.00         3
     1421021       0.51      0.66      0.58       532
     1421026       0.50      0.25      0.33         4
     1421107       1.00      0.12      0.21        17
     1421386       0.00      0.00      0.00         4
     1421523       1.00      0.17      0.29         6
     1421628       0.20      0.05      0.08        21
     1422105       0.00      0.00      0.00       119
     1422636       1.00      0.71      0.83         7
     1422712       1.00      0.17      0.29        29
     1422721       0.00      0.00      0.00         3
     1423286       0.00      0.00      0.00         3
     1423469       0.56      0.75      0.64        12
     1423633       1.00      0.33      0.50         3
     1423932       0.00      0.00      0.00         3
     1424003       1.00      0.33      0.50         3
     1424005       1.00      0.62      0.77         8
     1424377       1.00      0.50      0.67         4
     1425433       1.00      1.00      1.00         7
     1425899       0.00      0.00      0.00         3
     1427043       1.00      1.00      1.00         3
     1427659       0.57      0.24      0.33        17
     1427821       0.00      0.00      0.00         3
     1428059       0.33      0.08      0.13        12
     1430280       0.33      0.17      0.22         6
     1430287       1.00      0.67      0.80         3
     1430515       1.00      0.33      0.50         3
     1431222       1.00      0.33      0.50         3
     1431925       0.00      0.00      0.00         4
     1432545       0.67      0.75      0.71         8
     1432783       0.50      0.01      0.03        72
     1432786       0.00      0.00      0.00       165
     1432824       0.68      0.89      0.77        19
     1433158       0.48      0.58      0.53        24
     1433176       1.00      0.25      0.40         4
     1433496       1.00      0.67      0.80         3
     1434011       0.69      0.44      0.54        41
     1434232       0.00      0.00      0.00         4
     1434249       1.00      0.67      0.80         3
     1434258       1.00      0.25      0.40         4
     1434267       0.75      1.00      0.86         3
     1434320       1.00      0.33      0.50         3
     1434326       1.00      0.24      0.38        17
     1434383       0.00      0.00      0.00         3
     1434584       1.00      0.33      0.50         6
     1434594       0.67      0.86      0.75         7
     1434712       1.00      0.05      0.09        21
     1435225       1.00      0.83      0.91         6
     1435228       0.67      0.67      0.67         3
     1435260       0.80      0.30      0.44        40
     1435709       1.00      0.33      0.50         3
     1435714       0.58      0.58      0.58      1542
     1436922       0.50      0.07      0.12        30
     1436923       0.00      0.00      0.00         3
     1437724       0.62      0.67      0.64        12
     1438033       0.00      0.00      0.00         8
     1438041       0.50      0.50      0.50        12
     1438043       0.33      0.43      0.38         7
     1438045       0.00      0.00      0.00         3
     1438049       0.00      0.00      0.00         3
     1438052       1.00      0.40      0.57         5
     1438056       1.00      0.25      0.40         4
     1438352       0.47      0.40      0.43        96
     1438354       0.00      0.00      0.00        10
     1438358       0.00      0.00      0.00         3
     1438616       1.00      0.29      0.44         7
     1438868       1.00      0.29      0.44         7
     1439145       0.00      0.00      0.00         3
     1439703       0.00      0.00      0.00         3
     1440273       0.70      0.78      0.74         9
     1440412       1.00      0.33      0.50         3
     1440416       1.00      1.00      1.00         5
     1440423       0.00      0.00      0.00         4
     1440425       1.00      0.50      0.67         4
     1440440       1.00      0.33      0.50         3
     1440446       1.00      0.75      0.86         4
     1440476       0.00      0.00      0.00         3
     1441099       0.90      0.82      0.86        11
     1441349       1.00      0.13      0.23        23
     1441375       0.89      0.47      0.62        17
     1441410       0.73      0.42      0.54        26
     1442541       0.60      0.86      0.71         7
     1442833       1.00      0.25      0.40         4
     1442865       0.63      0.81      0.71        21
     1442930       0.00      0.00      0.00         4
     1444049       1.00      0.50      0.67         4
     1444156       0.50      0.33      0.40         3
     1444195       0.75      0.60      0.67        15
     1444216       1.00      0.71      0.83         7
     1447962       1.00      0.40      0.57         5
     1449139       0.56      0.83      0.67        12
     1449149       0.33      0.13      0.19        15
     1453004       1.00      0.55      0.71        11
     1455408       0.23      0.50      0.32         6
     1460343       0.50      0.20      0.29         5
     1463177       0.67      0.17      0.27        12
     1464023       1.00      0.33      0.50         3
     1464054       1.00      0.42      0.59        12
     1464075       0.70      0.73      0.71        22
     1464086       0.00      0.00      0.00         7
     1464088       0.56      0.50      0.53        44
     1464459       0.57      0.96      0.72        55
     1464567       1.00      0.40      0.57         5
     1465016       0.83      0.71      0.77         7
     1465026       0.80      0.67      0.73         6
     1465149       0.83      0.71      0.77         7
     1465170       1.00      0.40      0.57         5
     1470435       0.57      0.44      0.50         9
     1486475       1.00      0.05      0.10        19
     1486501       0.56      0.29      0.38        17
     1486655       0.67      0.67      0.67         3
     1488001       0.80      0.57      0.67         7
     1488026       0.58      0.97      0.72       114
     1488171       0.79      0.77      0.78       159
     1488206       1.00      0.90      0.95        21
     1488285       1.00      0.25      0.40         4
     1491513       0.00      0.00      0.00         3
     1494482       0.00      0.00      0.00         6
     1497434       0.58      0.86      0.69        50
     1497630       0.67      0.29      0.40         7
     1497667       0.73      0.95      0.82       228
     1503981       0.48      0.11      0.18       110
     1506976       0.00      0.00      0.00         7
     1513142       0.74      0.32      0.44        44
     1513780       0.67      0.86      0.75         7
     1514035       0.76      0.94      0.84        36
     1514627       0.41      0.87      0.56        30
     1516297       0.69      0.75      0.72        69
     1518683       1.00      0.71      0.83         7
     1522375       1.00      0.25      0.40         8
     1522377       0.00      0.00      0.00         3
     1529081       0.68      0.70      0.69       436
     1529084       1.00      0.11      0.20         9
     1529107       0.57      0.35      0.43       223
     1529124       0.63      0.76      0.69       100
     1529128       0.00      0.00      0.00         3
     1529144       0.00      0.00      0.00         4
     1529148       1.00      0.75      0.86         4
     1529179       0.60      0.33      0.43         9
     1529205       0.46      0.54      0.50        24
     1529212       0.59      0.35      0.44        66
     1529242       0.36      0.87      0.51        85
     1529265       0.65      0.48      0.55       142
     1529305       0.44      0.63      0.52        27
     1529328       0.68      0.63      0.66       308
     1535203       1.00      1.00      1.00         3
     1538569       1.00      0.50      0.67         4
     1542499       0.40      0.17      0.24        12
     1550658       0.00      0.00      0.00         3
     1550692       0.50      0.01      0.03        75
     1550785       1.00      0.44      0.62         9
     1550799       0.83      0.50      0.62        10
     1560405       0.00      0.00      0.00         6
     1567995       1.00      0.33      0.50        12
     1568056       0.78      0.78      0.78         9
     1568102       0.62      0.62      0.62         8
     1568134       0.00      0.00      0.00         3
     1568144       0.60      0.43      0.50         7
     1568799       1.00      0.25      0.40         8
     1568914       0.30      0.31      0.30        26
     1576296       0.00      0.00      0.00         6
     1580985       1.00      0.43      0.60         7
     1584568       1.00      0.25      0.40         4
     1600531       0.00      0.00      0.00         3
     1608001       0.50      0.71      0.59         7
     1608003       1.00      0.71      0.83         7
     1608023       0.00      0.00      0.00         6
     1608027       0.35      0.30      0.32        27
     1608034       0.83      0.56      0.67         9
     1608440       1.00      0.67      0.80         3
     1617292       0.73      0.73      0.73        11
     1617904       1.00      0.33      0.50         3
     1618100       0.43      0.60      0.50         5
     1618570       0.75      0.75      0.75         8
     1618661       0.52      0.71      0.60        55
     1621823       1.00      1.00      1.00         7
     1638998       0.00      0.00      0.00         3
     1643184       0.78      0.38      0.51        85
     1643341       0.83      0.79      0.81        19
     1643349       0.00      0.00      0.00         3
     1643491       0.65      0.99      0.79        86
     1643553       0.63      0.92      0.75        24
     1643690       0.00      0.00      0.00         3
     1643819       0.56      0.59      0.57        17
     1643866       0.47      0.93      0.63        76
     1643887       0.66      0.77      0.71        35
     1644145       1.00      0.20      0.33         5
     1644223       0.70      0.76      0.73        21
     1646149       0.49      0.26      0.34        74
     1662426       0.65      0.50      0.56        22
     1663341       0.00      0.00      0.00         3
     1663381       0.00      0.00      0.00        26
     1664348       0.00      0.00      0.00        44
     1667445       0.43      0.61      0.50       212
     1675513       0.30      1.00      0.46         3
     1682159       1.00      0.50      0.67         4
     1689963       0.00      0.00      0.00         4
     1694631       0.00      0.00      0.00         3
     1697960       1.00      0.71      0.83         7
     1697991       1.00      0.14      0.25         7
     1698065       0.91      0.59      0.71        17
     1711751       0.75      0.86      0.80         7
     1711753       1.00      0.33      0.50         3
     1711775       0.29      0.29      0.29         7
     1711787       1.00      0.14      0.25         7
     1711873       1.00      0.67      0.80         3
     1712003       0.00      0.00      0.00         3
     1712019       0.00      0.00      0.00         3
     1712365       0.00      0.00      0.00         3
     1713198       0.00      0.00      0.00         3
     1713199       0.67      0.80      0.73         5
     1717570       1.00      0.33      0.50         3
     1718287       1.00      0.33      0.50         3

    accuracy                           0.77    214302
   macro avg       0.66      0.47      0.50    214302
weighted avg       0.77      0.77      0.76    214302
